 <pre>

 Contingency table for Low clouds (octas)
 Selection: ALL    640 stations
Period: 20210330-20210525
Used {00,03,...,21} + 00 01 ... 09
 Limits    1.00000000       2.00000000       3.00000000       4.00000000       5.00000000       6.00000000       7.00000000    
 Each class is data <= limit, the very last > last limit
 Total number of values     1664320
                                              OBSERVATION
                                 616596    40447    32604    23216    23510    21466    34245    36218 |    828302
                                  19143     4577     4912     3859     4176     3979     7165     7898 |     55709
                                  13160     3601     3907     3261     3529     3379     6000     6640 |     43477
                   meps_mbr000    11573     3291     3583     3017     3250     3163     5937     6430 |     40244
                                  10164     3135     3365     2909     3184     3045     6064     6922 |     38788
                                  10590     3204     3817     3004     3530     3395     7065     8598 |     43203
                                  14509     4814     5347     4276     4860     4966    11126    14277 |     64175
                                  68958    25715    31344    24021    31361    35349    99981   233693 |    550422

                    SUM          764693    88784    88879    67563    77400    78742   177583   320676 |   1664320
                                              OBSERVATION
                                 621388    40770    32904    23442    23554    21371    34081    36199 |    833709
                                  19250     4703     4895     3914     4254     3963     7391     7775 |     56145
                                  13689     3696     4196     3275     3677     3362     6268     6704 |     44867
                    mnwc_preop    11530     3353     3690     3017     3231     3211     5982     6545 |     40559
                                  10488     3316     3564     2918     3254     3213     6291     7038 |     40082
                                  10444     3257     3597     2946     3523     3519     7117     8589 |     42992
                                  14373     4662     5291     4134     4904     4973    11112    14151 |     63600
                                  63531    25027    30742    23917    31003    35130    99341   233675 |    542366

                    SUM          764693    88784    88879    67563    77400    78742   177583   320676 |   1664320
                                              OBSERVATION
                                 633477    42168    34016    24255    24435    22166    35703    38138 |    854358
                                  18193     4537     5005     3927     4316     4114     7505     8058 |     55655
                                  13056     3778     4028     3310     3671     3521     6191     6748 |     44303
                 mnwc_pysurfex    10724     3284     3731     2904     3288     3132     6143     6518 |     39724
                                   9842     3140     3482     2817     3348     3142     6374     7136 |     39281
                                   9782     3254     3646     2934     3399     3498     7159     8501 |     42173
                                  13210     4499     5147     4185     4786     4838    10891    14372 |     61928
                                  56409    24124    29824    23231    30157    34331    97617   231205 |    526898

                    SUM          764693    88784    88879    67563    77400    78742   177583   320676 |   1664320

