 <pre>

 Contingency table for Cloud cover (octas)
 Selection: ALL    408 stations
Period: 20210330-20210525
Used {00,03,...,21} + 00 01 ... 09
 Limits   0.500000000       1.50000000       2.50000000       3.50000000       4.50000000       5.50000000       6.50000000       7.50000000    
 Each class is data <= limit, the very last > last limit
 Total number of values      962745
                                                       OBSERVATION
                                 103054    24096    17760    12060     7439     8794     9935    12089    12048 |    207275
                                  11213     4659     4452     4009     3131     4160     5282     7494     7900 |     52300
                                   6260     2779     2785     2628     2088     2858     3960     5698     6147 |     35203
                                   5242     2214     2204     2223     1921     2639     3690     5501     6021 |     31655
                   meps_mbr000     4715     1985     1999     2181     1775     2760     3716     5721     6468 |     31320
                                   4489     1938     1986     2071     1880     2667     4011     6610     7624 |     33276
                                   4816     2081     2141     2325     2057     3116     4816     8324     9832 |     39508
                                   6521     2830     2976     3150     2888     4538     7502    13951    18476 |     62832
                                  19468     9011     8967    10827     9604    17438    32011   111243   250807 |    469376

                    SUM          165778    51593    45270    41474    32783    48970    74923   176631   325323 |    962745
                                                       OBSERVATION
                                 104299    24741    18014    12395     7693     8865     9776    11981    12129 |    209893
                                  11217     4837     4594     4154     3163     4177     5399     7587     7746 |     52874
                                   6280     2712     2759     2706     2197     2927     3876     5800     6144 |     35401
                                   5179     2257     2218     2370     1953     2815     3721     5401     5992 |     31906
                    mnwc_preop     4715     1971     2114     2129     1832     2719     3847     5797     6568 |     31692
                                   4387     1875     2071     2117     1888     2770     4029     6723     7850 |     33710
                                   4815     2077     2136     2261     2106     3147     4865     8430    10167 |     40004
                                   6603     2668     2932     3122     2754     4544     7544    13996    18431 |     62594
                                  18283     8455     8432    10220     9197    17006    31866   110916   250296 |    464671

                    SUM          165778    51593    45270    41474    32783    48970    74923   176631   325323 |    962745
                                                       OBSERVATION
                                 106549    25333    18634    12810     7954     9205    10200    12436    12458 |    215579
                                  11060     4805     4467     4150     3194     4281     5434     7673     8009 |     53073
                                   6290     2729     2751     2688     2180     2900     3947     5901     6303 |     35689
                                   5153     2245     2336     2298     1956     2831     3853     5492     6214 |     32378
                 mnwc_pysurfex     4627     1989     2088     2159     1868     2734     3780     6051     6689 |     31985
                                   4253     1827     2013     2206     1898     2812     4117     6818     7766 |     33710
                                   4635     1993     2136     2329     2024     3132     4877     8508    10273 |     39907
                                   6394     2535     2837     2993     2860     4454     7511    14089    18829 |     62502
                                  16817     8137     8008     9841     8849    16621    31204   109663   248782 |    457922

                    SUM          165778    51593    45270    41474    32783    48970    74923   176631   325323 |    962745

