 <pre>

 Contingency table for Cloud base (m)
 Selection: ALL    659 stations
Period: 20210330-20210525
Used {00,03,...,21} + 00 01 ... 09
 Limits    70.0000000       150.000000       300.000000       600.000000       1000.00000       1500.00000       2500.00000       5000.00000    
 Each class is data <= limit, the very last > last limit
 Total number of values     1607119
                                                       OBSERVATION
                                  16323    11513     7293     4156     2885     1542     2983     3950    11814 |     62459
                                   5074    11618    10676     5020     2095      847     1059     1389     2159 |     39937
                                   3674    13494    30137    17523     5408     1917     1577     1716     2573 |     78019
                                   2413     8328    36283    64057    22886     5770     3493     3366     5403 |    151999
                   meps_mbr000     1361     3027    11472    37270    54387    17711     6970     4964     7788 |    144950
                                   1136     2440     7858    17950    35268    42890    21024     7935    10426 |    146927
                                    928     1624     5661    11265    18986    27525    45043    13851    11491 |    136374
                                    536      867     2518     6066    10087     9869    17278    23364     5938 |     76523
                                   3276     3359    10592    31020    61302    70272    90587    90969   408554 |    769931

                    SUM           34721    56270   122490   194327   213304   178343   190014   151504   466146 |   1607119
                                                       OBSERVATION
                                  15173    10563     6735     3693     2358     1102     2165     2801    10839 |     55429
                                   5450    11915    10992     4908     2077      755      860     1119     2031 |     40107
                                   3769    13922    31010    18547     5474     1910     1538     1556     2532 |     80258
                                   2589     8081    35722    64475    23554     5831     3400     3255     5192 |    152099
                    mnwc_preop     1388     2957    10563    34294    51999    17417     6873     4639     7283 |    137413
                                   1190     2374     7591    16984    32790    40225    19948     7434     9495 |    138031
                                    996     1816     5559    11589    19145    27435    44335    13814    11523 |    136212
                                    642      893     2768     6428    10915    10789    18447    24676     6197 |     81755
                                   3524     3749    11550    33409    64992    72879    92448    92210   411054 |    785815

                    SUM           34721    56270   122490   194327   213304   178343   190014   151504   466146 |   1607119
                                                       OBSERVATION
                                  14265     9886     6322     3345     1858      805     1456     1892     7295 |     47124
                                   5498    11597    10235     4460     1812      585      659      905     1612 |     37363
                                   3880    14304    30764    17430     5009     1545     1209     1309     2167 |     77617
                                   2605     8086    36181    64839    22593     5328     3063     2886     4671 |    150252
                 mnwc_pysurfex     1424     3011    10681    34461    52077    16602     6354     4456     6832 |    135898
                                   1231     2502     7700    17171    33336    40103    19273     7320     8775 |    137411
                                   1040     1904     5788    11793    19417    27976    43930    13721    10923 |    136492
                                    688      977     2842     6588    11095    11043    18916    25114     6336 |     83599
                                   4090     4003    11977    34240    66107    74356    95154    93901   417535 |    801363

                    SUM           34721    56270   122490   194327   213304   178343   190014   151504   466146 |   1607119

